59,28
60,25
60,29
60,20
60,28
61,24
60,27
60,21
57,10
57,9
61,23
61,22
60,26
61,21
61,20
60,24
60,4
60,23
61,19
60,22
61,18
60,5
61,17
60,19
61,16
61,15
61,14
61,13
61,12
61,11
61,10
60,18
60,17
61,9
61,8
60,16
60,15
60,14
60,13
60,12
60,11
60,10
60,9
60,8
60,7
60,6
70,4
70,3
70,2
70,1
70,0
69,4
69,3
69,2
69,1
69,0
68,4
68,3
68,2
68,1
68,0
67,4
67,3
67,2
67,1
67,0
59,27
66,3
66,2
66,1
66,0
65,5
65,4
65,3
65,2
65,1
65,0
64,3
64,2
64,1
64,0
63,3
63,2
63,1
63,0
62,3
62,2
62,1
62,0
59,26
59,25
59,24
59,23
59,22
59,21
59,20
59,19
59,18
59,17
59,16
59,15
59,14
59,13
59,12
59,11
59,10
59,9
59,8
59,7
59,6
59,5
61,7
61,6
61,5
61,4
61,3
61,2
61,1
61,0
60,3
60,2
60,1
60,0
59,4
59,3
59,2
59,1
59,0
58,4
58,3
58,2
58,1
58,0
57,8
57,7
57,6
57,5
57,4
57,3
57,2
57,1
57,0
56,5
56,4
56,3
56,2
56,1
56,0
55,4
55,3
55,2
55,1
55,0
54,5
54,4
54,3
54,2
54,1
54,0
53,5
53,4
53,3
53,2
53,1
53,0
52,5
52,4
52,3
52,2
52,1
52,0
51,5
51,4
51,3
51,2
51,1
51,0
50,6
50,5
50,4
50,3
50,2
50,1
50,0
33,69
33,68
34,41
34,57
34,45
34,73
34,56
34,32
34,55
34,28
34,72
34,54
34,71
34,27
34,53
34,38
34,52
34,70
34,51
34,50
34,40
34,69
0,308
34,68
34,67
34,66
34,65
34,64
34,49
34,48
35,25
0,575
33,67
33,66
33,65
33,64
0,574
0,573
34,47
0,572
33,38
0,571
49,3
49,2
49,1
49,0
48,3
48,2
48,1
48,0
47,3
47,2
47,1
47,0
33,37
0,570
0,569
0,568
0,567
0,566
0,565
0,564
0,563
